1           0.           0.  0.200000003
      2           0.  0.200000003  0.200000003
      3           0.  0.200000003           0.
      4           0.           0.           0.
      5          1.5  0.200000003  0.200000003
      6          1.5  0.200000003  0.100000001
      7          1.5  0.200000003           0.
      8          1.5           0.           0.
      9          1.5           0.  0.200000003
     10           0.  0.100000001  0.200000003
     11           0.  0.200000003  0.100000001
     12           0.  0.100000001           0.
     13           0.           0.  0.100000001
     14  0.100000001  0.200000003  0.200000003
     15  0.200000003  0.200000003  0.200000003
     16  0.300000012  0.200000003  0.200000003
     17  0.400000006  0.200000003  0.200000003
     18          0.5  0.200000003  0.200000003
     19  0.600000024  0.200000003  0.200000003
     20  0.699999988  0.200000003  0.200000003
     21  0.800000012  0.200000003  0.200000003
     22  0.899999976  0.200000003  0.200000003
     23           1.  0.200000003  0.200000003
     24   1.10000002  0.200000003  0.200000003
     25   1.20000005  0.200000003  0.200000003
     26   1.29999995  0.200000003  0.200000003
     27   1.39999998  0.200000003  0.200000003
     28   1.39999998  0.200000003           0.
     29   1.29999995  0.200000003           0.
     30   1.20000005  0.200000003           0.
     31   1.10000002  0.200000003           0.
     32           1.  0.200000003           0.
     33  0.899999976  0.200000003           0.
     34  0.800000012  0.200000003           0.
     35  0.699999988  0.200000003           0.
     36  0.600000024  0.200000003           0.
     37          0.5  0.200000003           0.
     38  0.400000006  0.200000003           0.
     39  0.300000012  0.200000003           0.
     40  0.200000003  0.200000003           0.
     41  0.100000001  0.200000003           0.
     42          1.5  0.100000001           0.
     43   1.39999998           0.           0.
     44   1.29999995           0.           0.
     45   1.20000005           0.           0.
     46   1.10000002           0.           0.
     47           1.           0.           0.
     48  0.899999976           0.           0.
     49  0.800000012           0.           0.
     50  0.699999988           0.           0.
     51  0.600000024           0.           0.
     52          0.5           0.           0.
     53  0.400000006           0.           0.
     54  0.300000012           0.           0.
     55  0.200000003           0.           0.
     56  0.100000001           0.           0.
     57   1.39999998           0.  0.200000003
     58   1.29999995           0.  0.200000003
     59   1.20000005           0.  0.200000003
     60   1.10000002           0.  0.200000003
     61           1.           0.  0.200000003
     62  0.899999976           0.  0.200000003
     63  0.800000012           0.  0.200000003
     64  0.699999988           0.  0.200000003
     65  0.600000024           0.  0.200000003
     66          0.5           0.  0.200000003
     67  0.400000006           0.  0.200000003
     68  0.300000012           0.  0.200000003
     69  0.200000003           0.  0.200000003
     70  0.100000001           0.  0.200000003
     71          1.5           0.  0.100000001
     72          1.5  0.100000001  0.200000003
     73           0.  0.100000001  0.100000001
     74  0.100000001  0.200000003  0.100000001
     75  0.200000003  0.200000003  0.100000001
     76  0.300000012  0.200000003  0.100000001
     77  0.400000006  0.200000003  0.100000001
     78          0.5  0.200000003  0.100000001
     79  0.600000024  0.200000003  0.100000001
     80  0.699999988  0.200000003  0.100000001
     81  0.800000012  0.200000003  0.100000001
     82  0.899999976  0.200000003  0.100000001
     83           1.  0.200000003  0.100000001
     84   1.10000002  0.200000003  0.100000001
     85   1.20000005  0.200000003  0.100000001
     86   1.29999995  0.200000003  0.100000001
     87   1.39999998  0.200000003  0.100000001
     88  0.100000001  0.100000001           0.
     89  0.200000003  0.100000001           0.
     90  0.300000012  0.100000001           0.
     91  0.400000006  0.100000001           0.
     92          0.5  0.100000001           0.
     93  0.600000024  0.100000001           0.
     94  0.699999988  0.100000001           0.
     95  0.800000012  0.100000001           0.
     96  0.899999976  0.100000001           0.
     97           1.  0.100000001           0.
     98   1.10000002  0.100000001           0.
     99   1.20000005  0.100000001           0.
    100   1.29999995  0.100000001           0.
    101   1.39999998  0.100000001           0.
    102   1.39999998           0.  0.100000001
    103   1.29999995           0.  0.100000001
    104   1.20000005           0.  0.100000001
    105   1.10000002           0.  0.100000001
    106           1.           0.  0.100000001
    107  0.899999976           0.  0.100000001
    108  0.800000012           0.  0.100000001
    109  0.699999988           0.  0.100000001
    110  0.600000024           0.  0.100000001
    111          0.5           0.  0.100000001
    112  0.400000006           0.  0.100000001
    113  0.300000012           0.  0.100000001
    114  0.200000003           0.  0.100000001
    115  0.100000001           0.  0.100000001
    116   1.39999998  0.100000001  0.200000003
    117   1.29999995  0.100000001  0.200000003
    118   1.20000005  0.100000001  0.200000003
    119   1.10000002  0.100000001  0.200000003
    120           1.  0.100000001  0.200000003
    121  0.899999976  0.100000001  0.200000003
    122  0.800000012  0.100000001  0.200000003
    123  0.699999988  0.100000001  0.200000003
    124  0.600000024  0.100000001  0.200000003
    125          0.5  0.100000001  0.200000003
    126  0.400000006  0.100000001  0.200000003
    127  0.300000012  0.100000001  0.200000003
    128  0.200000003  0.100000001  0.200000003
    129  0.100000001  0.100000001  0.200000003
    130          1.5  0.100000001  0.100000001
    131   1.43818688  0.137488559  0.147916749
    132   1.35416675 0.0930631682  0.108333282
    133   1.43887353  0.141666785 0.0583333075
    134 0.0611263327 0.0583333075 0.0583333075
    135 0.0500000566 0.0500000268  0.150000066
    136  0.150000006  0.100000001  0.100000001
    137  0.349999994  0.100000001  0.100000001
    138   0.25000006  0.100000001 0.0999999046
    139  0.450000048  0.100000001 0.0999999046
    140    1.4416666 0.0583333075 0.0611263029
    141 0.0499999598  0.149999887 0.0500000268
    142  0.550000012  0.100000001 0.0999999046
    143 0.0583333373  0.141666606  0.138873696
    144   0.94458133  0.120335326  0.107227869
    145  0.854166806  0.108333282  0.106936738
    146   1.05000007  0.100000001  0.100000001
    147  0.649999976  0.100000001 0.0999999046
    148  0.754166842  0.108333282  0.106936738
    149   1.15000021  0.100000001  0.100000001
    150   1.26426303  0.122037821 0.0692607164
    151   1.44999981   0.04999993  0.149999887